/*--------------------------------*- C++ -*----------------------------------*\
| =========                 |                                                 |
| \\      /  F ield         | OpenFOAM: The Open Source CFD Toolbox           |
|  \\    /   O peration     | Version:  2412                                  |
|   \\  /    A nd           | Website:  www.openfoam.com                      |
|    \\/     M anipulation  |                                                 |
\*---------------------------------------------------------------------------*/
FoamFile
{
    version     2.0;
    format      ascii;
    arch        "LSB;label=32;scalar=64";
    note        "nPoints:4840  nCells:3700  nFaces:12140  nInternalFaces:10060";
    class       labelList;
    location    "constant/polyMesh";
    object      neighbour;
}
// * * * * * * * * * * * * * * * * * * * * * * * * * * * * * * * * * * * * * //


10060
(
1
10
20
2
11
21
3
12
22
4
13
23
5
14
24
6
15
25
7
16
26
8
17
27
9
18
28
19
29
11
30
200
12
31
201
13
32
202
14
33
203
15
34
204
16
35
205
17
36
206
18
37
207
19
38
208
39
209
21
30
40
22
31
41
23
32
42
24
33
43
25
34
44
26
35
45
27
36
46
28
37
47
29
38
48
39
49
31
50
300
32
51
301
33
52
302
34
53
303
35
54
304
36
55
305
37
56
306
38
57
307
39
58
308
59
309
41
50
60
42
51
61
43
52
62
44
53
63
45
54
64
46
55
65
47
56
66
48
57
67
49
58
68
59
69
51
70
400
52
71
401
53
72
402
54
73
403
55
74
404
56
75
405
57
76
406
58
77
407
59
78
408
79
409
61
70
80
62
71
81
63
72
82
64
73
83
65
74
84
66
75
85
67
76
86
68
77
87
69
78
88
79
89
71
90
500
72
91
501
73
92
502
74
93
503
75
94
504
76
95
505
77
96
506
78
97
507
79
98
508
99
509
81
90
100
82
91
101
83
92
102
84
93
103
85
94
104
86
95
105
87
96
106
88
97
107
89
98
108
99
109
91
110
600
92
111
601
93
112
602
94
113
603
95
114
604
96
115
605
97
116
606
98
117
607
99
118
608
119
609
101
110
120
102
111
121
103
112
122
104
113
123
105
114
124
106
115
125
107
116
126
108
117
127
109
118
128
119
129
111
130
700
112
131
701
113
132
702
114
133
703
115
134
704
116
135
705
117
136
706
118
137
707
119
138
708
139
709
121
130
140
122
131
141
123
132
142
124
133
143
125
134
144
126
135
145
127
136
146
128
137
147
129
138
148
139
149
131
150
800
132
151
801
133
152
802
134
153
803
135
154
804
136
155
805
137
156
806
138
157
807
139
158
808
159
809
141
150
160
142
151
161
143
152
162
144
153
163
145
154
164
146
155
165
147
156
166
148
157
167
149
158
168
159
169
151
170
900
152
171
901
153
172
902
154
173
903
155
174
904
156
175
905
157
176
906
158
177
907
159
178
908
179
909
161
170
180
162
171
181
163
172
182
164
173
183
165
174
184
166
175
185
167
176
186
168
177
187
169
178
188
179
189
171
190
1000
172
191
1001
173
192
1002
174
193
1003
175
194
1004
176
195
1005
177
196
1006
178
197
1007
179
198
1008
199
1009
181
190
182
191
183
192
184
193
185
194
186
195
187
196
188
197
189
198
199
191
1100
192
1101
193
1102
194
1103
195
1104
196
1105
197
1106
198
1107
199
1108
1109
201
210
300
202
211
301
203
212
302
204
213
303
205
214
304
206
215
305
207
216
306
208
217
307
209
218
308
219
309
211
220
310
212
221
311
213
222
312
214
223
313
215
224
314
216
225
315
217
226
316
218
227
317
219
228
318
229
319
221
230
320
222
231
321
223
232
322
224
233
323
225
234
324
226
235
325
227
236
326
228
237
327
229
238
328
239
329
231
240
330
232
241
331
233
242
332
234
243
333
235
244
334
236
245
335
237
246
336
238
247
337
239
248
338
249
339
241
250
340
242
251
341
243
252
342
244
253
343
245
254
344
246
255
345
247
256
346
248
257
347
249
258
348
259
349
251
260
350
252
261
351
253
262
352
254
263
353
255
264
354
256
265
355
257
266
356
258
267
357
259
268
358
269
359
261
270
360
262
271
361
263
272
362
264
273
363
265
274
364
266
275
365
267
276
366
268
277
367
269
278
368
279
369
271
280
370
272
281
371
273
282
372
274
283
373
275
284
374
276
285
375
277
286
376
278
287
377
279
288
378
289
379
281
290
380
282
291
381
283
292
382
284
293
383
285
294
384
286
295
385
287
296
386
288
297
387
289
298
388
299
389
291
390
1200
292
391
1201
293
392
1202
294
393
1203
295
394
1204
296
395
1205
297
396
1206
298
397
1207
299
398
1208
399
1209
301
310
400
302
311
401
303
312
402
304
313
403
305
314
404
306
315
405
307
316
406
308
317
407
309
318
408
319
409
311
320
410
312
321
411
313
322
412
314
323
413
315
324
414
316
325
415
317
326
416
318
327
417
319
328
418
329
419
321
330
420
322
331
421
323
332
422
324
333
423
325
334
424
326
335
425
327
336
426
328
337
427
329
338
428
339
429
331
340
430
332
341
431
333
342
432
334
343
433
335
344
434
336
345
435
337
346
436
338
347
437
339
348
438
349
439
341
350
440
342
351
441
343
352
442
344
353
443
345
354
444
346
355
445
347
356
446
348
357
447
349
358
448
359
449
351
360
450
352
361
451
353
362
452
354
363
453
355
364
454
356
365
455
357
366
456
358
367
457
359
368
458
369
459
361
370
460
362
371
461
363
372
462
364
373
463
365
374
464
366
375
465
367
376
466
368
377
467
369
378
468
379
469
371
380
470
372
381
471
373
382
472
374
383
473
375
384
474
376
385
475
377
386
476
378
387
477
379
388
478
389
479
381
390
480
382
391
481
383
392
482
384
393
483
385
394
484
386
395
485
387
396
486
388
397
487
389
398
488
399
489
391
490
1240
392
491
1241
393
492
1242
394
493
1243
395
494
1244
396
495
1245
397
496
1246
398
497
1247
399
498
1248
499
1249
401
410
500
402
411
501
403
412
502
404
413
503
405
414
504
406
415
505
407
416
506
408
417
507
409
418
508
419
509
411
420
510
412
421
511
413
422
512
414
423
513
415
424
514
416
425
515
417
426
516
418
427
517
419
428
518
429
519
421
430
520
422
431
521
423
432
522
424
433
523
425
434
524
426
435
525
427
436
526
428
437
527
429
438
528
439
529
431
440
530
432
441
531
433
442
532
434
443
533
435
444
534
436
445
535
437
446
536
438
447
537
439
448
538
449
539
441
450
540
442
451
541
443
452
542
444
453
543
445
454
544
446
455
545
447
456
546
448
457
547
449
458
548
459
549
451
460
550
452
461
551
453
462
552
454
463
553
455
464
554
456
465
555
457
466
556
458
467
557
459
468
558
469
559
461
470
560
462
471
561
463
472
562
464
473
563
465
474
564
466
475
565
467
476
566
468
477
567
469
478
568
479
569
471
480
570
472
481
571
473
482
572
474
483
573
475
484
574
476
485
575
477
486
576
478
487
577
479
488
578
489
579
481
490
580
482
491
581
483
492
582
484
493
583
485
494
584
486
495
585
487
496
586
488
497
587
489
498
588
499
589
491
590
1280
492
591
1281
493
592
1282
494
593
1283
495
594
1284
496
595
1285
497
596
1286
498
597
1287
499
598
1288
599
1289
501
510
600
502
511
601
503
512
602
504
513
603
505
514
604
506
515
605
507
516
606
508
517
607
509
518
608
519
609
511
520
610
512
521
611
513
522
612
514
523
613
515
524
614
516
525
615
517
526
616
518
527
617
519
528
618
529
619
521
530
620
522
531
621
523
532
622
524
533
623
525
534
624
526
535
625
527
536
626
528
537
627
529
538
628
539
629
531
540
630
532
541
631
533
542
632
534
543
633
535
544
634
536
545
635
537
546
636
538
547
637
539
548
638
549
639
541
550
640
542
551
641
543
552
642
544
553
643
545
554
644
546
555
645
547
556
646
548
557
647
549
558
648
559
649
551
560
650
552
561
651
553
562
652
554
563
653
555
564
654
556
565
655
557
566
656
558
567
657
559
568
658
569
659
561
570
660
562
571
661
563
572
662
564
573
663
565
574
664
566
575
665
567
576
666
568
577
667
569
578
668
579
669
571
580
670
572
581
671
573
582
672
574
583
673
575
584
674
576
585
675
577
586
676
578
587
677
579
588
678
589
679
581
590
680
582
591
681
583
592
682
584
593
683
585
594
684
586
595
685
587
596
686
588
597
687
589
598
688
599
689
591
690
1320
592
691
1321
593
692
1322
594
693
1323
595
694
1324
596
695
1325
597
696
1326
598
697
1327
599
698
1328
699
1329
601
610
700
602
611
701
603
612
702
604
613
703
605
614
704
606
615
705
607
616
706
608
617
707
609
618
708
619
709
611
620
710
612
621
711
613
622
712
614
623
713
615
624
714
616
625
715
617
626
716
618
627
717
619
628
718
629
719
621
630
720
622
631
721
623
632
722
624
633
723
625
634
724
626
635
725
627
636
726
628
637
727
629
638
728
639
729
631
640
730
632
641
731
633
642
732
634
643
733
635
644
734
636
645
735
637
646
736
638
647
737
639
648
738
649
739
641
650
740
642
651
741
643
652
742
644
653
743
645
654
744
646
655
745
647
656
746
648
657
747
649
658
748
659
749
651
660
750
652
661
751
653
662
752
654
663
753
655
664
754
656
665
755
657
666
756
658
667
757
659
668
758
669
759
661
670
760
662
671
761
663
672
762
664
673
763
665
674
764
666
675
765
667
676
766
668
677
767
669
678
768
679
769
671
680
770
672
681
771
673
682
772
674
683
773
675
684
774
676
685
775
677
686
776
678
687
777
679
688
778
689
779
681
690
780
682
691
781
683
692
782
684
693
783
685
694
784
686
695
785
687
696
786
688
697
787
689
698
788
699
789
691
790
1360
692
791
1361
693
792
1362
694
793
1363
695
794
1364
696
795
1365
697
796
1366
698
797
1367
699
798
1368
799
1369
701
710
800
702
711
801
703
712
802
704
713
803
705
714
804
706
715
805
707
716
806
708
717
807
709
718
808
719
809
711
720
810
712
721
811
713
722
812
714
723
813
715
724
814
716
725
815
717
726
816
718
727
817
719
728
818
729
819
721
730
820
722
731
821
723
732
822
724
733
823
725
734
824
726
735
825
727
736
826
728
737
827
729
738
828
739
829
731
740
830
732
741
831
733
742
832
734
743
833
735
744
834
736
745
835
737
746
836
738
747
837
739
748
838
749
839
741
750
840
742
751
841
743
752
842
744
753
843
745
754
844
746
755
845
747
756
846
748
757
847
749
758
848
759
849
751
760
850
752
761
851
753
762
852
754
763
853
755
764
854
756
765
855
757
766
856
758
767
857
759
768
858
769
859
761
770
860
762
771
861
763
772
862
764
773
863
765
774
864
766
775
865
767
776
866
768
777
867
769
778
868
779
869
771
780
870
772
781
871
773
782
872
774
783
873
775
784
874
776
785
875
777
786
876
778
787
877
779
788
878
789
879
781
790
880
782
791
881
783
792
882
784
793
883
785
794
884
786
795
885
787
796
886
788
797
887
789
798
888
799
889
791
890
1400
792
891
1401
793
892
1402
794
893
1403
795
894
1404
796
895
1405
797
896
1406
798
897
1407
799
898
1408
899
1409
801
810
900
802
811
901
803
812
902
804
813
903
805
814
904
806
815
905
807
816
906
808
817
907
809
818
908
819
909
811
820
910
812
821
911
813
822
912
814
823
913
815
824
914
816
825
915
817
826
916
818
827
917
819
828
918
829
919
821
830
920
822
831
921
823
832
922
824
833
923
825
834
924
826
835
925
827
836
926
828
837
927
829
838
928
839
929
831
840
930
832
841
931
833
842
932
834
843
933
835
844
934
836
845
935
837
846
936
838
847
937
839
848
938
849
939
841
850
940
842
851
941
843
852
942
844
853
943
845
854
944
846
855
945
847
856
946
848
857
947
849
858
948
859
949
851
860
950
852
861
951
853
862
952
854
863
953
855
864
954
856
865
955
857
866
956
858
867
957
859
868
958
869
959
861
870
960
862
871
961
863
872
962
864
873
963
865
874
964
866
875
965
867
876
966
868
877
967
869
878
968
879
969
871
880
970
872
881
971
873
882
972
874
883
973
875
884
974
876
885
975
877
886
976
878
887
977
879
888
978
889
979
881
890
980
882
891
981
883
892
982
884
893
983
885
894
984
886
895
985
887
896
986
888
897
987
889
898
988
899
989
891
990
1440
892
991
1441
893
992
1442
894
993
1443
895
994
1444
896
995
1445
897
996
1446
898
997
1447
899
998
1448
999
1449
901
910
1000
902
911
1001
903
912
1002
904
913
1003
905
914
1004
906
915
1005
907
916
1006
908
917
1007
909
918
1008
919
1009
911
920
1010
912
921
1011
913
922
1012
914
923
1013
915
924
1014
916
925
1015
917
926
1016
918
927
1017
919
928
1018
929
1019
921
930
1020
922
931
1021
923
932
1022
924
933
1023
925
934
1024
926
935
1025
927
936
1026
928
937
1027
929
938
1028
939
1029
931
940
1030
932
941
1031
933
942
1032
934
943
1033
935
944
1034
936
945
1035
937
946
1036
938
947
1037
939
948
1038
949
1039
941
950
1040
942
951
1041
943
952
1042
944
953
1043
945
954
1044
946
955
1045
947
956
1046
948
957
1047
949
958
1048
959
1049
951
960
1050
952
961
1051
953
962
1052
954
963
1053
955
964
1054
956
965
1055
957
966
1056
958
967
1057
959
968
1058
969
1059
961
970
1060
962
971
1061
963
972
1062
964
973
1063
965
974
1064
966
975
1065
967
976
1066
968
977
1067
969
978
1068
979
1069
971
980
1070
972
981
1071
973
982
1072
974
983
1073
975
984
1074
976
985
1075
977
986
1076
978
987
1077
979
988
1078
989
1079
981
990
1080
982
991
1081
983
992
1082
984
993
1083
985
994
1084
986
995
1085
987
996
1086
988
997
1087
989
998
1088
999
1089
991
1090
1480
992
1091
1481
993
1092
1482
994
1093
1483
995
1094
1484
996
1095
1485
997
1096
1486
998
1097
1487
999
1098
1488
1099
1489
1001
1010
1100
1002
1011
1101
1003
1012
1102
1004
1013
1103
1005
1014
1104
1006
1015
1105
1007
1016
1106
1008
1017
1107
1009
1018
1108
1019
1109
1011
1020
1110
1012
1021
1111
1013
1022
1112
1014
1023
1113
1015
1024
1114
1016
1025
1115
1017
1026
1116
1018
1027
1117
1019
1028
1118
1029
1119
1021
1030
1120
1022
1031
1121
1023
1032
1122
1024
1033
1123
1025
1034
1124
1026
1035
1125
1027
1036
1126
1028
1037
1127
1029
1038
1128
1039
1129
1031
1040
1130
1032
1041
1131
1033
1042
1132
1034
1043
1133
1035
1044
1134
1036
1045
1135
1037
1046
1136
1038
1047
1137
1039
1048
1138
1049
1139
1041
1050
1140
1042
1051
1141
1043
1052
1142
1044
1053
1143
1045
1054
1144
1046
1055
1145
1047
1056
1146
1048
1057
1147
1049
1058
1148
1059
1149
1051
1060
1150
1052
1061
1151
1053
1062
1152
1054
1063
1153
1055
1064
1154
1056
1065
1155
1057
1066
1156
1058
1067
1157
1059
1068
1158
1069
1159
1061
1070
1160
1062
1071
1161
1063
1072
1162
1064
1073
1163
1065
1074
1164
1066
1075
1165
1067
1076
1166
1068
1077
1167
1069
1078
1168
1079
1169
1071
1080
1170
1072
1081
1171
1073
1082
1172
1074
1083
1173
1075
1084
1174
1076
1085
1175
1077
1086
1176
1078
1087
1177
1079
1088
1178
1089
1179
1081
1090
1180
1082
1091
1181
1083
1092
1182
1084
1093
1183
1085
1094
1184
1086
1095
1185
1087
1096
1186
1088
1097
1187
1089
1098
1188
1099
1189
1091
1190
1520
1092
1191
1521
1093
1192
1522
1094
1193
1523
1095
1194
1524
1096
1195
1525
1097
1196
1526
1098
1197
1527
1099
1198
1528
1199
1529
1101
1110
1102
1111
1103
1112
1104
1113
1105
1114
1106
1115
1107
1116
1108
1117
1109
1118
1119
1111
1120
1112
1121
1113
1122
1114
1123
1115
1124
1116
1125
1117
1126
1118
1127
1119
1128
1129
1121
1130
1122
1131
1123
1132
1124
1133
1125
1134
1126
1135
1127
1136
1128
1137
1129
1138
1139
1131
1140
1132
1141
1133
1142
1134
1143
1135
1144
1136
1145
1137
1146
1138
1147
1139
1148
1149
1141
1150
1142
1151
1143
1152
1144
1153
1145
1154
1146
1155
1147
1156
1148
1157
1149
1158
1159
1151
1160
1152
1161
1153
1162
1154
1163
1155
1164
1156
1165
1157
1166
1158
1167
1159
1168
1169
1161
1170
1162
1171
1163
1172
1164
1173
1165
1174
1166
1175
1167
1176
1168
1177
1169
1178
1179
1171
1180
1172
1181
1173
1182
1174
1183
1175
1184
1176
1185
1177
1186
1178
1187
1179
1188
1189
1181
1190
1182
1191
1183
1192
1184
1193
1185
1194
1186
1195
1187
1196
1188
1197
1189
1198
1199
1191
1560
1192
1561
1193
1562
1194
1563
1195
1564
1196
1565
1197
1566
1198
1567
1199
1568
1569
1201
1210
1240
1202
1211
1241
1203
1212
1242
1204
1213
1243
1205
1214
1244
1206
1215
1245
1207
1216
1246
1208
1217
1247
1209
1218
1248
1219
1249
1211
1220
1250
1212
1221
1251
1213
1222
1252
1214
1223
1253
1215
1224
1254
1216
1225
1255
1217
1226
1256
1218
1227
1257
1219
1228
1258
1229
1259
1221
1230
1260
1222
1231
1261
1223
1232
1262
1224
1233
1263
1225
1234
1264
1226
1235
1265
1227
1236
1266
1228
1237
1267
1229
1238
1268
1239
1269
1231
1270
1232
1271
1233
1272
1234
1273
1235
1274
1236
1275
1237
1276
1238
1277
1239
1278
1279
1241
1250
1280
1242
1251
1281
1243
1252
1282
1244
1253
1283
1245
1254
1284
1246
1255
1285
1247
1256
1286
1248
1257
1287
1249
1258
1288
1259
1289
1251
1260
1290
1252
1261
1291
1253
1262
1292
1254
1263
1293
1255
1264
1294
1256
1265
1295
1257
1266
1296
1258
1267
1297
1259
1268
1298
1269
1299
1261
1270
1300
1262
1271
1301
1263
1272
1302
1264
1273
1303
1265
1274
1304
1266
1275
1305
1267
1276
1306
1268
1277
1307
1269
1278
1308
1279
1309
1271
1310
1272
1311
1273
1312
1274
1313
1275
1314
1276
1315
1277
1316
1278
1317
1279
1318
1319
1281
1290
1320
1282
1291
1321
1283
1292
1322
1284
1293
1323
1285
1294
1324
1286
1295
1325
1287
1296
1326
1288
1297
1327
1289
1298
1328
1299
1329
1291
1300
1330
1292
1301
1331
1293
1302
1332
1294
1303
1333
1295
1304
1334
1296
1305
1335
1297
1306
1336
1298
1307
1337
1299
1308
1338
1309
1339
1301
1310
1340
1302
1311
1341
1303
1312
1342
1304
1313
1343
1305
1314
1344
1306
1315
1345
1307
1316
1346
1308
1317
1347
1309
1318
1348
1319
1349
1311
1350
1312
1351
1313
1352
1314
1353
1315
1354
1316
1355
1317
1356
1318
1357
1319
1358
1359
1321
1330
1360
1322
1331
1361
1323
1332
1362
1324
1333
1363
1325
1334
1364
1326
1335
1365
1327
1336
1366
1328
1337
1367
1329
1338
1368
1339
1369
1331
1340
1370
1332
1341
1371
1333
1342
1372
1334
1343
1373
1335
1344
1374
1336
1345
1375
1337
1346
1376
1338
1347
1377
1339
1348
1378
1349
1379
1341
1350
1380
1342
1351
1381
1343
1352
1382
1344
1353
1383
1345
1354
1384
1346
1355
1385
1347
1356
1386
1348
1357
1387
1349
1358
1388
1359
1389
1351
1390
1352
1391
1353
1392
1354
1393
1355
1394
1356
1395
1357
1396
1358
1397
1359
1398
1399
1361
1370
1400
1362
1371
1401
1363
1372
1402
1364
1373
1403
1365
1374
1404
1366
1375
1405
1367
1376
1406
1368
1377
1407
1369
1378
1408
1379
1409
1371
1380
1410
1372
1381
1411
1373
1382
1412
1374
1383
1413
1375
1384
1414
1376
1385
1415
1377
1386
1416
1378
1387
1417
1379
1388
1418
1389
1419
1381
1390
1420
1382
1391
1421
1383
1392
1422
1384
1393
1423
1385
1394
1424
1386
1395
1425
1387
1396
1426
1388
1397
1427
1389
1398
1428
1399
1429
1391
1430
1392
1431
1393
1432
1394
1433
1395
1434
1396
1435
1397
1436
1398
1437
1399
1438
1439
1401
1410
1440
1402
1411
1441
1403
1412
1442
1404
1413
1443
1405
1414
1444
1406
1415
1445
1407
1416
1446
1408
1417
1447
1409
1418
1448
1419
1449
1411
1420
1450
1412
1421
1451
1413
1422
1452
1414
1423
1453
1415
1424
1454
1416
1425
1455
1417
1426
1456
1418
1427
1457
1419
1428
1458
1429
1459
1421
1430
1460
1422
1431
1461
1423
1432
1462
1424
1433
1463
1425
1434
1464
1426
1435
1465
1427
1436
1466
1428
1437
1467
1429
1438
1468
1439
1469
1431
1470
1432
1471
1433
1472
1434
1473
1435
1474
1436
1475
1437
1476
1438
1477
1439
1478
1479
1441
1450
1480
1442
1451
1481
1443
1452
1482
1444
1453
1483
1445
1454
1484
1446
1455
1485
1447
1456
1486
1448
1457
1487
1449
1458
1488
1459
1489
1451
1460
1490
1452
1461
1491
1453
1462
1492
1454
1463
1493
1455
1464
1494
1456
1465
1495
1457
1466
1496
1458
1467
1497
1459
1468
1498
1469
1499
1461
1470
1500
1462
1471
1501
1463
1472
1502
1464
1473
1503
1465
1474
1504
1466
1475
1505
1467
1476
1506
1468
1477
1507
1469
1478
1508
1479
1509
1471
1510
1472
1511
1473
1512
1474
1513
1475
1514
1476
1515
1477
1516
1478
1517
1479
1518
1519
1481
1490
1520
1482
1491
1521
1483
1492
1522
1484
1493
1523
1485
1494
1524
1486
1495
1525
1487
1496
1526
1488
1497
1527
1489
1498
1528
1499
1529
1491
1500
1530
1492
1501
1531
1493
1502
1532
1494
1503
1533
1495
1504
1534
1496
1505
1535
1497
1506
1536
1498
1507
1537
1499
1508
1538
1509
1539
1501
1510
1540
1502
1511
1541
1503
1512
1542
1504
1513
1543
1505
1514
1544
1506
1515
1545
1507
1516
1546
1508
1517
1547
1509
1518
1548
1519
1549
1511
1550
1512
1551
1513
1552
1514
1553
1515
1554
1516
1555
1517
1556
1518
1557
1519
1558
1559
1521
1530
1560
1522
1531
1561
1523
1532
1562
1524
1533
1563
1525
1534
1564
1526
1535
1565
1527
1536
1566
1528
1537
1567
1529
1538
1568
1539
1569
1531
1540
1570
1532
1541
1571
1533
1542
1572
1534
1543
1573
1535
1544
1574
1536
1545
1575
1537
1546
1576
1538
1547
1577
1539
1548
1578
1549
1579
1541
1550
1580
1542
1551
1581
1543
1552
1582
1544
1553
1583
1545
1554
1584
1546
1555
1585
1547
1556
1586
1548
1557
1587
1549
1558
1588
1559
1589
1551
1590
1552
1591
1553
1592
1554
1593
1555
1594
1556
1595
1557
1596
1558
1597
1559
1598
1599
1561
1570
1562
1571
1563
1572
1564
1573
1565
1574
1566
1575
1567
1576
1568
1577
1569
1578
1579
1571
1580
1572
1581
1573
1582
1574
1583
1575
1584
1576
1585
1577
1586
1578
1587
1579
1588
1589
1581
1590
1582
1591
1583
1592
1584
1593
1585
1594
1586
1595
1587
1596
1588
1597
1589
1598
1599
1591
1592
1593
1594
1595
1596
1597
1598
1599
1601
1610
1620
1602
1611
1621
1603
1612
1622
1604
1613
1623
1605
1614
1624
1606
1615
1625
1607
1616
1626
1608
1617
1627
1609
1618
1628
1619
1629
1611
1630
1800
1612
1631
1801
1613
1632
1802
1614
1633
1803
1615
1634
1804
1616
1635
1805
1617
1636
1806
1618
1637
1807
1619
1638
1808
1639
1809
1621
1630
1640
1622
1631
1641
1623
1632
1642
1624
1633
1643
1625
1634
1644
1626
1635
1645
1627
1636
1646
1628
1637
1647
1629
1638
1648
1639
1649
1631
1650
1900
1632
1651
1901
1633
1652
1902
1634
1653
1903
1635
1654
1904
1636
1655
1905
1637
1656
1906
1638
1657
1907
1639
1658
1908
1659
1909
1641
1650
1660
1642
1651
1661
1643
1652
1662
1644
1653
1663
1645
1654
1664
1646
1655
1665
1647
1656
1666
1648
1657
1667
1649
1658
1668
1659
1669
1651
1670
2000
1652
1671
2001
1653
1672
2002
1654
1673
2003
1655
1674
2004
1656
1675
2005
1657
1676
2006
1658
1677
2007
1659
1678
2008
1679
2009
1661
1670
1680
1662
1671
1681
1663
1672
1682
1664
1673
1683
1665
1674
1684
1666
1675
1685
1667
1676
1686
1668
1677
1687
1669
1678
1688
1679
1689
1671
1690
2100
1672
1691
2101
1673
1692
2102
1674
1693
2103
1675
1694
2104
1676
1695
2105
1677
1696
2106
1678
1697
2107
1679
1698
2108
1699
2109
1681
1690
1700
1682
1691
1701
1683
1692
1702
1684
1693
1703
1685
1694
1704
1686
1695
1705
1687
1696
1706
1688
1697
1707
1689
1698
1708
1699
1709
1691
1710
2200
1692
1711
2201
1693
1712
2202
1694
1713
2203
1695
1714
2204
1696
1715
2205
1697
1716
2206
1698
1717
2207
1699
1718
2208
1719
2209
1701
1710
1720
1702
1711
1721
1703
1712
1722
1704
1713
1723
1705
1714
1724
1706
1715
1725
1707
1716
1726
1708
1717
1727
1709
1718
1728
1719
1729
1711
1730
2300
1712
1731
2301
1713
1732
2302
1714
1733
2303
1715
1734
2304
1716
1735
2305
1717
1736
2306
1718
1737
2307
1719
1738
2308
1739
2309
1721
1730
1740
1722
1731
1741
1723
1732
1742
1724
1733
1743
1725
1734
1744
1726
1735
1745
1727
1736
1746
1728
1737
1747
1729
1738
1748
1739
1749
1731
1750
2400
1732
1751
2401
1733
1752
2402
1734
1753
2403
1735
1754
2404
1736
1755
2405
1737
1756
2406
1738
1757
2407
1739
1758
2408
1759
2409
1741
1750
1760
1742
1751
1761
1743
1752
1762
1744
1753
1763
1745
1754
1764
1746
1755
1765
1747
1756
1766
1748
1757
1767
1749
1758
1768
1759
1769
1751
1770
2500
1752
1771
2501
1753
1772
2502
1754
1773
2503
1755
1774
2504
1756
1775
2505
1757
1776
2506
1758
1777
2507
1759
1778
2508
1779
2509
1761
1770
1780
1762
1771
1781
1763
1772
1782
1764
1773
1783
1765
1774
1784
1766
1775
1785
1767
1776
1786
1768
1777
1787
1769
1778
1788
1779
1789
1771
1790
2600
1772
1791
2601
1773
1792
2602
1774
1793
2603
1775
1794
2604
1776
1795
2605
1777
1796
2606
1778
1797
2607
1779
1798
2608
1799
2609
1781
1790
1782
1791
1783
1792
1784
1793
1785
1794
1786
1795
1787
1796
1788
1797
1789
1798
1799
1791
2700
1792
2701
1793
2702
1794
2703
1795
2704
1796
2705
1797
2706
1798
2707
1799
2708
2709
1801
1810
1900
1802
1811
1901
1803
1812
1902
1804
1813
1903
1805
1814
1904
1806
1815
1905
1807
1816
1906
1808
1817
1907
1809
1818
1908
1819
1909
1811
1820
1910
1812
1821
1911
1813
1822
1912
1814
1823
1913
1815
1824
1914
1816
1825
1915
1817
1826
1916
1818
1827
1917
1819
1828
1918
1829
1919
1821
1830
1920
1822
1831
1921
1823
1832
1922
1824
1833
1923
1825
1834
1924
1826
1835
1925
1827
1836
1926
1828
1837
1927
1829
1838
1928
1839
1929
1831
1840
1930
1832
1841
1931
1833
1842
1932
1834
1843
1933
1835
1844
1934
1836
1845
1935
1837
1846
1936
1838
1847
1937
1839
1848
1938
1849
1939
1841
1850
1940
1842
1851
1941
1843
1852
1942
1844
1853
1943
1845
1854
1944
1846
1855
1945
1847
1856
1946
1848
1857
1947
1849
1858
1948
1859
1949
1851
1860
1950
1852
1861
1951
1853
1862
1952
1854
1863
1953
1855
1864
1954
1856
1865
1955
1857
1866
1956
1858
1867
1957
1859
1868
1958
1869
1959
1861
1870
1960
1862
1871
1961
1863
1872
1962
1864
1873
1963
1865
1874
1964
1866
1875
1965
1867
1876
1966
1868
1877
1967
1869
1878
1968
1879
1969
1871
1880
1970
1872
1881
1971
1873
1882
1972
1874
1883
1973
1875
1884
1974
1876
1885
1975
1877
1886
1976
1878
1887
1977
1879
1888
1978
1889
1979
1881
1890
1980
1882
1891
1981
1883
1892
1982
1884
1893
1983
1885
1894
1984
1886
1895
1985
1887
1896
1986
1888
1897
1987
1889
1898
1988
1899
1989
1891
1990
2800
1892
1991
2801
1893
1992
2802
1894
1993
2803
1895
1994
2804
1896
1995
2805
1897
1996
2806
1898
1997
2807
1899
1998
2808
1999
2809
1901
1910
2000
1902
1911
2001
1903
1912
2002
1904
1913
2003
1905
1914
2004
1906
1915
2005
1907
1916
2006
1908
1917
2007
1909
1918
2008
1919
2009
1911
1920
2010
1912
1921
2011
1913
1922
2012
1914
1923
2013
1915
1924
2014
1916
1925
2015
1917
1926
2016
1918
1927
2017
1919
1928
2018
1929
2019
1921
1930
2020
1922
1931
2021
1923
1932
2022
1924
1933
2023
1925
1934
2024
1926
1935
2025
1927
1936
2026
1928
1937
2027
1929
1938
2028
1939
2029
1931
1940
2030
1932
1941
2031
1933
1942
2032
1934
1943
2033
1935
1944
2034
1936
1945
2035
1937
1946
2036
1938
1947
2037
1939
1948
2038
1949
2039
1941
1950
2040
1942
1951
2041
1943
1952
2042
1944
1953
2043
1945
1954
2044
1946
1955
2045
1947
1956
2046
1948
1957
2047
1949
1958
2048
1959
2049
1951
1960
2050
1952
1961
2051
1953
1962
2052
1954
1963
2053
1955
1964
2054
1956
1965
2055
1957
1966
2056
1958
1967
2057
1959
1968
2058
1969
2059
1961
1970
2060
1962
1971
2061
1963
1972
2062
1964
1973
2063
1965
1974
2064
1966
1975
2065
1967
1976
2066
1968
1977
2067
1969
1978
2068
1979
2069
1971
1980
2070
1972
1981
2071
1973
1982
2072
1974
1983
2073
1975
1984
2074
1976
1985
2075
1977
1986
2076
1978
1987
2077
1979
1988
2078
1989
2079
1981
1990
2080
1982
1991
2081
1983
1992
2082
1984
1993
2083
1985
1994
2084
1986
1995
2085
1987
1996
2086
1988
1997
2087
1989
1998
2088
1999
2089
1991
2090
2820
1992
2091
2821
1993
2092
2822
1994
2093
2823
1995
2094
2824
1996
2095
2825
1997
2096
2826
1998
2097
2827
1999
2098
2828
2099
2829
2001
2010
2100
2002
2011
2101
2003
2012
2102
2004
2013
2103
2005
2014
2104
2006
2015
2105
2007
2016
2106
2008
2017
2107
2009
2018
2108
2019
2109
2011
2020
2110
2012
2021
2111
2013
2022
2112
2014
2023
2113
2015
2024
2114
2016
2025
2115
2017
2026
2116
2018
2027
2117
2019
2028
2118
2029
2119
2021
2030
2120
2022
2031
2121
2023
2032
2122
2024
2033
2123
2025
2034
2124
2026
2035
2125
2027
2036
2126
2028
2037
2127
2029
2038
2128
2039
2129
2031
2040
2130
2032
2041
2131
2033
2042
2132
2034
2043
2133
2035
2044
2134
2036
2045
2135
2037
2046
2136
2038
2047
2137
2039
2048
2138
2049
2139
2041
2050
2140
2042
2051
2141
2043
2052
2142
2044
2053
2143
2045
2054
2144
2046
2055
2145
2047
2056
2146
2048
2057
2147
2049
2058
2148
2059
2149
2051
2060
2150
2052
2061
2151
2053
2062
2152
2054
2063
2153
2055
2064
2154
2056
2065
2155
2057
2066
2156
2058
2067
2157
2059
2068
2158
2069
2159
2061
2070
2160
2062
2071
2161
2063
2072
2162
2064
2073
2163
2065
2074
2164
2066
2075
2165
2067
2076
2166
2068
2077
2167
2069
2078
2168
2079
2169
2071
2080
2170
2072
2081
2171
2073
2082
2172
2074
2083
2173
2075
2084
2174
2076
2085
2175
2077
2086
2176
2078
2087
2177
2079
2088
2178
2089
2179
2081
2090
2180
2082
2091
2181
2083
2092
2182
2084
2093
2183
2085
2094
2184
2086
2095
2185
2087
2096
2186
2088
2097
2187
2089
2098
2188
2099
2189
2091
2190
2840
2092
2191
2841
2093
2192
2842
2094
2193
2843
2095
2194
2844
2096
2195
2845
2097
2196
2846
2098
2197
2847
2099
2198
2848
2199
2849
2101
2110
2200
2102
2111
2201
2103
2112
2202
2104
2113
2203
2105
2114
2204
2106
2115
2205
2107
2116
2206
2108
2117
2207
2109
2118
2208
2119
2209
2111
2120
2210
2112
2121
2211
2113
2122
2212
2114
2123
2213
2115
2124
2214
2116
2125
2215
2117
2126
2216
2118
2127
2217
2119
2128
2218
2129
2219
2121
2130
2220
2122
2131
2221
2123
2132
2222
2124
2133
2223
2125
2134
2224
2126
2135
2225
2127
2136
2226
2128
2137
2227
2129
2138
2228
2139
2229
2131
2140
2230
2132
2141
2231
2133
2142
2232
2134
2143
2233
2135
2144
2234
2136
2145
2235
2137
2146
2236
2138
2147
2237
2139
2148
2238
2149
2239
2141
2150
2240
2142
2151
2241
2143
2152
2242
2144
2153
2243
2145
2154
2244
2146
2155
2245
2147
2156
2246
2148
2157
2247
2149
2158
2248
2159
2249
2151
2160
2250
2152
2161
2251
2153
2162
2252
2154
2163
2253
2155
2164
2254
2156
2165
2255
2157
2166
2256
2158
2167
2257
2159
2168
2258
2169
2259
2161
2170
2260
2162
2171
2261
2163
2172
2262
2164
2173
2263
2165
2174
2264
2166
2175
2265
2167
2176
2266
2168
2177
2267
2169
2178
2268
2179
2269
2171
2180
2270
2172
2181
2271
2173
2182
2272
2174
2183
2273
2175
2184
2274
2176
2185
2275
2177
2186
2276
2178
2187
2277
2179
2188
2278
2189
2279
2181
2190
2280
2182
2191
2281
2183
2192
2282
2184
2193
2283
2185
2194
2284
2186
2195
2285
2187
2196
2286
2188
2197
2287
2189
2198
2288
2199
2289
2191
2290
2860
2192
2291
2861
2193
2292
2862
2194
2293
2863
2195
2294
2864
2196
2295
2865
2197
2296
2866
2198
2297
2867
2199
2298
2868
2299
2869
2201
2210
2300
2202
2211
2301
2203
2212
2302
2204
2213
2303
2205
2214
2304
2206
2215
2305
2207
2216
2306
2208
2217
2307
2209
2218
2308
2219
2309
2211
2220
2310
2212
2221
2311
2213
2222
2312
2214
2223
2313
2215
2224
2314
2216
2225
2315
2217
2226
2316
2218
2227
2317
2219
2228
2318
2229
2319
2221
2230
2320
2222
2231
2321
2223
2232
2322
2224
2233
2323
2225
2234
2324
2226
2235
2325
2227
2236
2326
2228
2237
2327
2229
2238
2328
2239
2329
2231
2240
2330
2232
2241
2331
2233
2242
2332
2234
2243
2333
2235
2244
2334
2236
2245
2335
2237
2246
2336
2238
2247
2337
2239
2248
2338
2249
2339
2241
2250
2340
2242
2251
2341
2243
2252
2342
2244
2253
2343
2245
2254
2344
2246
2255
2345
2247
2256
2346
2248
2257
2347
2249
2258
2348
2259
2349
2251
2260
2350
2252
2261
2351
2253
2262
2352
2254
2263
2353
2255
2264
2354
2256
2265
2355
2257
2266
2356
2258
2267
2357
2259
2268
2358
2269
2359
2261
2270
2360
2262
2271
2361
2263
2272
2362
2264
2273
2363
2265
2274
2364
2266
2275
2365
2267
2276
2366
2268
2277
2367
2269
2278
2368
2279
2369
2271
2280
2370
2272
2281
2371
2273
2282
2372
2274
2283
2373
2275
2284
2374
2276
2285
2375
2277
2286
2376
2278
2287
2377
2279
2288
2378
2289
2379
2281
2290
2380
2282
2291
2381
2283
2292
2382
2284
2293
2383
2285
2294
2384
2286
2295
2385
2287
2296
2386
2288
2297
2387
2289
2298
2388
2299
2389
2291
2390
2880
2292
2391
2881
2293
2392
2882
2294
2393
2883
2295
2394
2884
2296
2395
2885
2297
2396
2886
2298
2397
2887
2299
2398
2888
2399
2889
2301
2310
2400
2302
2311
2401
2303
2312
2402
2304
2313
2403
2305
2314
2404
2306
2315
2405
2307
2316
2406
2308
2317
2407
2309
2318
2408
2319
2409
2311
2320
2410
2312
2321
2411
2313
2322
2412
2314
2323
2413
2315
2324
2414
2316
2325
2415
2317
2326
2416
2318
2327
2417
2319
2328
2418
2329
2419
2321
2330
2420
2322
2331
2421
2323
2332
2422
2324
2333
2423
2325
2334
2424
2326
2335
2425
2327
2336
2426
2328
2337
2427
2329
2338
2428
2339
2429
2331
2340
2430
2332
2341
2431
2333
2342
2432
2334
2343
2433
2335
2344
2434
2336
2345
2435
2337
2346
2436
2338
2347
2437
2339
2348
2438
2349
2439
2341
2350
2440
2342
2351
2441
2343
2352
2442
2344
2353
2443
2345
2354
2444
2346
2355
2445
2347
2356
2446
2348
2357
2447
2349
2358
2448
2359
2449
2351
2360
2450
2352
2361
2451
2353
2362
2452
2354
2363
2453
2355
2364
2454
2356
2365
2455
2357
2366
2456
2358
2367
2457
2359
2368
2458
2369
2459
2361
2370
2460
2362
2371
2461
2363
2372
2462
2364
2373
2463
2365
2374
2464
2366
2375
2465
2367
2376
2466
2368
2377
2467
2369
2378
2468
2379
2469
2371
2380
2470
2372
2381
2471
2373
2382
2472
2374
2383
2473
2375
2384
2474
2376
2385
2475
2377
2386
2476
2378
2387
2477
2379
2388
2478
2389
2479
2381
2390
2480
2382
2391
2481
2383
2392
2482
2384
2393
2483
2385
2394
2484
2386
2395
2485
2387
2396
2486
2388
2397
2487
2389
2398
2488
2399
2489
2391
2490
2900
2392
2491
2901
2393
2492
2902
2394
2493
2903
2395
2494
2904
2396
2495
2905
2397
2496
2906
2398
2497
2907
2399
2498
2908
2499
2909
2401
2410
2500
2402
2411
2501
2403
2412
2502
2404
2413
2503
2405
2414
2504
2406
2415
2505
2407
2416
2506
2408
2417
2507
2409
2418
2508
2419
2509
2411
2420
2510
2412
2421
2511
2413
2422
2512
2414
2423
2513
2415
2424
2514
2416
2425
2515
2417
2426
2516
2418
2427
2517
2419
2428
2518
2429
2519
2421
2430
2520
2422
2431
2521
2423
2432
2522
2424
2433
2523
2425
2434
2524
2426
2435
2525
2427
2436
2526
2428
2437
2527
2429
2438
2528
2439
2529
2431
2440
2530
2432
2441
2531
2433
2442
2532
2434
2443
2533
2435
2444
2534
2436
2445
2535
2437
2446
2536
2438
2447
2537
2439
2448
2538
2449
2539
2441
2450
2540
2442
2451
2541
2443
2452
2542
2444
2453
2543
2445
2454
2544
2446
2455
2545
2447
2456
2546
2448
2457
2547
2449
2458
2548
2459
2549
2451
2460
2550
2452
2461
2551
2453
2462
2552
2454
2463
2553
2455
2464
2554
2456
2465
2555
2457
2466
2556
2458
2467
2557
2459
2468
2558
2469
2559
2461
2470
2560
2462
2471
2561
2463
2472
2562
2464
2473
2563
2465
2474
2564
2466
2475
2565
2467
2476
2566
2468
2477
2567
2469
2478
2568
2479
2569
2471
2480
2570
2472
2481
2571
2473
2482
2572
2474
2483
2573
2475
2484
2574
2476
2485
2575
2477
2486
2576
2478
2487
2577
2479
2488
2578
2489
2579
2481
2490
2580
2482
2491
2581
2483
2492
2582
2484
2493
2583
2485
2494
2584
2486
2495
2585
2487
2496
2586
2488
2497
2587
2489
2498
2588
2499
2589
2491
2590
2920
2492
2591
2921
2493
2592
2922
2494
2593
2923
2495
2594
2924
2496
2595
2925
2497
2596
2926
2498
2597
2927
2499
2598
2928
2599
2929
2501
2510
2600
2502
2511
2601
2503
2512
2602
2504
2513
2603
2505
2514
2604
2506
2515
2605
2507
2516
2606
2508
2517
2607
2509
2518
2608
2519
2609
2511
2520
2610
2512
2521
2611
2513
2522
2612
2514
2523
2613
2515
2524
2614
2516
2525
2615
2517
2526
2616
2518
2527
2617
2519
2528
2618
2529
2619
2521
2530
2620
2522
2531
2621
2523
2532
2622
2524
2533
2623
2525
2534
2624
2526
2535
2625
2527
2536
2626
2528
2537
2627
2529
2538
2628
2539
2629
2531
2540
2630
2532
2541
2631
2533
2542
2632
2534
2543
2633
2535
2544
2634
2536
2545
2635
2537
2546
2636
2538
2547
2637
2539
2548
2638
2549
2639
2541
2550
2640
2542
2551
2641
2543
2552
2642
2544
2553
2643
2545
2554
2644
2546
2555
2645
2547
2556
2646
2548
2557
2647
2549
2558
2648
2559
2649
2551
2560
2650
2552
2561
2651
2553
2562
2652
2554
2563
2653
2555
2564
2654
2556
2565
2655
2557
2566
2656
2558
2567
2657
2559
2568
2658
2569
2659
2561
2570
2660
2562
2571
2661
2563
2572
2662
2564
2573
2663
2565
2574
2664
2566
2575
2665
2567
2576
2666
2568
2577
2667
2569
2578
2668
2579
2669
2571
2580
2670
2572
2581
2671
2573
2582
2672
2574
2583
2673
2575
2584
2674
2576
2585
2675
2577
2586
2676
2578
2587
2677
2579
2588
2678
2589
2679
2581
2590
2680
2582
2591
2681
2583
2592
2682
2584
2593
2683
2585
2594
2684
2586
2595
2685
2587
2596
2686
2588
2597
2687
2589
2598
2688
2599
2689
2591
2690
2940
2592
2691
2941
2593
2692
2942
2594
2693
2943
2595
2694
2944
2596
2695
2945
2597
2696
2946
2598
2697
2947
2599
2698
2948
2699
2949
2601
2610
2700
2602
2611
2701
2603
2612
2702
2604
2613
2703
2605
2614
2704
2606
2615
2705
2607
2616
2706
2608
2617
2707
2609
2618
2708
2619
2709
2611
2620
2710
2612
2621
2711
2613
2622
2712
2614
2623
2713
2615
2624
2714
2616
2625
2715
2617
2626
2716
2618
2627
2717
2619
2628
2718
2629
2719
2621
2630
2720
2622
2631
2721
2623
2632
2722
2624
2633
2723
2625
2634
2724
2626
2635
2725
2627
2636
2726
2628
2637
2727
2629
2638
2728
2639
2729
2631
2640
2730
2632
2641
2731
2633
2642
2732
2634
2643
2733
2635
2644
2734
2636
2645
2735
2637
2646
2736
2638
2647
2737
2639
2648
2738
2649
2739
2641
2650
2740
2642
2651
2741
2643
2652
2742
2644
2653
2743
2645
2654
2744
2646
2655
2745
2647
2656
2746
2648
2657
2747
2649
2658
2748
2659
2749
2651
2660
2750
2652
2661
2751
2653
2662
2752
2654
2663
2753
2655
2664
2754
2656
2665
2755
2657
2666
2756
2658
2667
2757
2659
2668
2758
2669
2759
2661
2670
2760
2662
2671
2761
2663
2672
2762
2664
2673
2763
2665
2674
2764
2666
2675
2765
2667
2676
2766
2668
2677
2767
2669
2678
2768
2679
2769
2671
2680
2770
2672
2681
2771
2673
2682
2772
2674
2683
2773
2675
2684
2774
2676
2685
2775
2677
2686
2776
2678
2687
2777
2679
2688
2778
2689
2779
2681
2690
2780
2682
2691
2781
2683
2692
2782
2684
2693
2783
2685
2694
2784
2686
2695
2785
2687
2696
2786
2688
2697
2787
2689
2698
2788
2699
2789
2691
2790
2960
2692
2791
2961
2693
2792
2962
2694
2793
2963
2695
2794
2964
2696
2795
2965
2697
2796
2966
2698
2797
2967
2699
2798
2968
2799
2969
2701
2710
2702
2711
2703
2712
2704
2713
2705
2714
2706
2715
2707
2716
2708
2717
2709
2718
2719
2711
2720
2712
2721
2713
2722
2714
2723
2715
2724
2716
2725
2717
2726
2718
2727
2719
2728
2729
2721
2730
2722
2731
2723
2732
2724
2733
2725
2734
2726
2735
2727
2736
2728
2737
2729
2738
2739
2731
2740
2732
2741
2733
2742
2734
2743
2735
2744
2736
2745
2737
2746
2738
2747
2739
2748
2749
2741
2750
2742
2751
2743
2752
2744
2753
2745
2754
2746
2755
2747
2756
2748
2757
2749
2758
2759
2751
2760
2752
2761
2753
2762
2754
2763
2755
2764
2756
2765
2757
2766
2758
2767
2759
2768
2769
2761
2770
2762
2771
2763
2772
2764
2773
2765
2774
2766
2775
2767
2776
2768
2777
2769
2778
2779
2771
2780
2772
2781
2773
2782
2774
2783
2775
2784
2776
2785
2777
2786
2778
2787
2779
2788
2789
2781
2790
2782
2791
2783
2792
2784
2793
2785
2794
2786
2795
2787
2796
2788
2797
2789
2798
2799
2791
2980
2792
2981
2793
2982
2794
2983
2795
2984
2796
2985
2797
2986
2798
2987
2799
2988
2989
2801
2810
2820
2802
2811
2821
2803
2812
2822
2804
2813
2823
2805
2814
2824
2806
2815
2825
2807
2816
2826
2808
2817
2827
2809
2818
2828
2819
2829
2811
2830
2812
2831
2813
2832
2814
2833
2815
2834
2816
2835
2817
2836
2818
2837
2819
2838
2839
2821
2830
2840
2822
2831
2841
2823
2832
2842
2824
2833
2843
2825
2834
2844
2826
2835
2845
2827
2836
2846
2828
2837
2847
2829
2838
2848
2839
2849
2831
2850
2832
2851
2833
2852
2834
2853
2835
2854
2836
2855
2837
2856
2838
2857
2839
2858
2859
2841
2850
2860
2842
2851
2861
2843
2852
2862
2844
2853
2863
2845
2854
2864
2846
2855
2865
2847
2856
2866
2848
2857
2867
2849
2858
2868
2859
2869
2851
2870
2852
2871
2853
2872
2854
2873
2855
2874
2856
2875
2857
2876
2858
2877
2859
2878
2879
2861
2870
2880
2862
2871
2881
2863
2872
2882
2864
2873
2883
2865
2874
2884
2866
2875
2885
2867
2876
2886
2868
2877
2887
2869
2878
2888
2879
2889
2871
2890
2872
2891
2873
2892
2874
2893
2875
2894
2876
2895
2877
2896
2878
2897
2879
2898
2899
2881
2890
2900
2882
2891
2901
2883
2892
2902
2884
2893
2903
2885
2894
2904
2886
2895
2905
2887
2896
2906
2888
2897
2907
2889
2898
2908
2899
2909
2891
2910
2892
2911
2893
2912
2894
2913
2895
2914
2896
2915
2897
2916
2898
2917
2899
2918
2919
2901
2910
2920
2902
2911
2921
2903
2912
2922
2904
2913
2923
2905
2914
2924
2906
2915
2925
2907
2916
2926
2908
2917
2927
2909
2918
2928
2919
2929
2911
2930
2912
2931
2913
2932
2914
2933
2915
2934
2916
2935
2917
2936
2918
2937
2919
2938
2939
2921
2930
2940
2922
2931
2941
2923
2932
2942
2924
2933
2943
2925
2934
2944
2926
2935
2945
2927
2936
2946
2928
2937
2947
2929
2938
2948
2939
2949
2931
2950
2932
2951
2933
2952
2934
2953
2935
2954
2936
2955
2937
2956
2938
2957
2939
2958
2959
2941
2950
2960
2942
2951
2961
2943
2952
2962
2944
2953
2963
2945
2954
2964
2946
2955
2965
2947
2956
2966
2948
2957
2967
2949
2958
2968
2959
2969
2951
2970
2952
2971
2953
2972
2954
2973
2955
2974
2956
2975
2957
2976
2958
2977
2959
2978
2979
2961
2970
2980
2962
2971
2981
2963
2972
2982
2964
2973
2983
2965
2974
2984
2966
2975
2985
2967
2976
2986
2968
2977
2987
2969
2978
2988
2979
2989
2971
2990
2972
2991
2973
2992
2974
2993
2975
2994
2976
2995
2977
2996
2978
2997
2979
2998
2999
2981
2990
2982
2991
2983
2992
2984
2993
2985
2994
2986
2995
2987
2996
2988
2997
2989
2998
2999
2991
2992
2993
2994
2995
2996
2997
2998
2999
3001
3010
3070
3002
3011
3071
3003
3012
3072
3004
3013
3073
3005
3014
3074
3006
3015
3075
3007
3016
3076
3008
3017
3077
3009
3018
3078
3019
3079
3011
3020
3080
3012
3021
3081
3013
3022
3082
3014
3023
3083
3015
3024
3084
3016
3025
3085
3017
3026
3086
3018
3027
3087
3019
3028
3088
3029
3089
3021
3030
3090
3022
3031
3091
3023
3032
3092
3024
3033
3093
3025
3034
3094
3026
3035
3095
3027
3036
3096
3028
3037
3097
3029
3038
3098
3039
3099
3031
3040
3100
3032
3041
3101
3033
3042
3102
3034
3043
3103
3035
3044
3104
3036
3045
3105
3037
3046
3106
3038
3047
3107
3039
3048
3108
3049
3109
3041
3050
3110
3042
3051
3111
3043
3052
3112
3044
3053
3113
3045
3054
3114
3046
3055
3115
3047
3056
3116
3048
3057
3117
3049
3058
3118
3059
3119
3051
3060
3120
3052
3061
3121
3053
3062
3122
3054
3063
3123
3055
3064
3124
3056
3065
3125
3057
3066
3126
3058
3067
3127
3059
3068
3128
3069
3129
3061
3130
3062
3131
3063
3132
3064
3133
3065
3134
3066
3135
3067
3136
3068
3137
3069
3138
3139
3071
3080
3140
3072
3081
3141
3073
3082
3142
3074
3083
3143
3075
3084
3144
3076
3085
3145
3077
3086
3146
3078
3087
3147
3079
3088
3148
3089
3149
3081
3090
3150
3082
3091
3151
3083
3092
3152
3084
3093
3153
3085
3094
3154
3086
3095
3155
3087
3096
3156
3088
3097
3157
3089
3098
3158
3099
3159
3091
3100
3160
3092
3101
3161
3093
3102
3162
3094
3103
3163
3095
3104
3164
3096
3105
3165
3097
3106
3166
3098
3107
3167
3099
3108
3168
3109
3169
3101
3110
3170
3102
3111
3171
3103
3112
3172
3104
3113
3173
3105
3114
3174
3106
3115
3175
3107
3116
3176
3108
3117
3177
3109
3118
3178
3119
3179
3111
3120
3180
3112
3121
3181
3113
3122
3182
3114
3123
3183
3115
3124
3184
3116
3125
3185
3117
3126
3186
3118
3127
3187
3119
3128
3188
3129
3189
3121
3130
3190
3122
3131
3191
3123
3132
3192
3124
3133
3193
3125
3134
3194
3126
3135
3195
3127
3136
3196
3128
3137
3197
3129
3138
3198
3139
3199
3131
3200
3132
3201
3133
3202
3134
3203
3135
3204
3136
3205
3137
3206
3138
3207
3139
3208
3209
3141
3150
3210
3142
3151
3211
3143
3152
3212
3144
3153
3213
3145
3154
3214
3146
3155
3215
3147
3156
3216
3148
3157
3217
3149
3158
3218
3159
3219
3151
3160
3220
3152
3161
3221
3153
3162
3222
3154
3163
3223
3155
3164
3224
3156
3165
3225
3157
3166
3226
3158
3167
3227
3159
3168
3228
3169
3229
3161
3170
3230
3162
3171
3231
3163
3172
3232
3164
3173
3233
3165
3174
3234
3166
3175
3235
3167
3176
3236
3168
3177
3237
3169
3178
3238
3179
3239
3171
3180
3240
3172
3181
3241
3173
3182
3242
3174
3183
3243
3175
3184
3244
3176
3185
3245
3177
3186
3246
3178
3187
3247
3179
3188
3248
3189
3249
3181
3190
3250
3182
3191
3251
3183
3192
3252
3184
3193
3253
3185
3194
3254
3186
3195
3255
3187
3196
3256
3188
3197
3257
3189
3198
3258
3199
3259
3191
3200
3260
3192
3201
3261
3193
3202
3262
3194
3203
3263
3195
3204
3264
3196
3205
3265
3197
3206
3266
3198
3207
3267
3199
3208
3268
3209
3269
3201
3270
3202
3271
3203
3272
3204
3273
3205
3274
3206
3275
3207
3276
3208
3277
3209
3278
3279
3211
3220
3280
3212
3221
3281
3213
3222
3282
3214
3223
3283
3215
3224
3284
3216
3225
3285
3217
3226
3286
3218
3227
3287
3219
3228
3288
3229
3289
3221
3230
3290
3222
3231
3291
3223
3232
3292
3224
3233
3293
3225
3234
3294
3226
3235
3295
3227
3236
3296
3228
3237
3297
3229
3238
3298
3239
3299
3231
3240
3300
3232
3241
3301
3233
3242
3302
3234
3243
3303
3235
3244
3304
3236
3245
3305
3237
3246
3306
3238
3247
3307
3239
3248
3308
3249
3309
3241
3250
3310
3242
3251
3311
3243
3252
3312
3244
3253
3313
3245
3254
3314
3246
3255
3315
3247
3256
3316
3248
3257
3317
3249
3258
3318
3259
3319
3251
3260
3320
3252
3261
3321
3253
3262
3322
3254
3263
3323
3255
3264
3324
3256
3265
3325
3257
3266
3326
3258
3267
3327
3259
3268
3328
3269
3329
3261
3270
3330
3262
3271
3331
3263
3272
3332
3264
3273
3333
3265
3274
3334
3266
3275
3335
3267
3276
3336
3268
3277
3337
3269
3278
3338
3279
3339
3271
3340
3272
3341
3273
3342
3274
3343
3275
3344
3276
3345
3277
3346
3278
3347
3279
3348
3349
3281
3290
3350
3282
3291
3351
3283
3292
3352
3284
3293
3353
3285
3294
3354
3286
3295
3355
3287
3296
3356
3288
3297
3357
3289
3298
3358
3299
3359
3291
3300
3360
3292
3301
3361
3293
3302
3362
3294
3303
3363
3295
3304
3364
3296
3305
3365
3297
3306
3366
3298
3307
3367
3299
3308
3368
3309
3369
3301
3310
3370
3302
3311
3371
3303
3312
3372
3304
3313
3373
3305
3314
3374
3306
3315
3375
3307
3316
3376
3308
3317
3377
3309
3318
3378
3319
3379
3311
3320
3380
3312
3321
3381
3313
3322
3382
3314
3323
3383
3315
3324
3384
3316
3325
3385
3317
3326
3386
3318
3327
3387
3319
3328
3388
3329
3389
3321
3330
3390
3322
3331
3391
3323
3332
3392
3324
3333
3393
3325
3334
3394
3326
3335
3395
3327
3336
3396
3328
3337
3397
3329
3338
3398
3339
3399
3331
3340
3400
3332
3341
3401
3333
3342
3402
3334
3343
3403
3335
3344
3404
3336
3345
3405
3337
3346
3406
3338
3347
3407
3339
3348
3408
3349
3409
3341
3410
3342
3411
3343
3412
3344
3413
3345
3414
3346
3415
3347
3416
3348
3417
3349
3418
3419
3351
3360
3420
3352
3361
3421
3353
3362
3422
3354
3363
3423
3355
3364
3424
3356
3365
3425
3357
3366
3426
3358
3367
3427
3359
3368
3428
3369
3429
3361
3370
3430
3362
3371
3431
3363
3372
3432
3364
3373
3433
3365
3374
3434
3366
3375
3435
3367
3376
3436
3368
3377
3437
3369
3378
3438
3379
3439
3371
3380
3440
3372
3381
3441
3373
3382
3442
3374
3383
3443
3375
3384
3444
3376
3385
3445
3377
3386
3446
3378
3387
3447
3379
3388
3448
3389
3449
3381
3390
3450
3382
3391
3451
3383
3392
3452
3384
3393
3453
3385
3394
3454
3386
3395
3455
3387
3396
3456
3388
3397
3457
3389
3398
3458
3399
3459
3391
3400
3460
3392
3401
3461
3393
3402
3462
3394
3403
3463
3395
3404
3464
3396
3405
3465
3397
3406
3466
3398
3407
3467
3399
3408
3468
3409
3469
3401
3410
3470
3402
3411
3471
3403
3412
3472
3404
3413
3473
3405
3414
3474
3406
3415
3475
3407
3416
3476
3408
3417
3477
3409
3418
3478
3419
3479
3411
3480
3412
3481
3413
3482
3414
3483
3415
3484
3416
3485
3417
3486
3418
3487
3419
3488
3489
3421
3430
3490
3422
3431
3491
3423
3432
3492
3424
3433
3493
3425
3434
3494
3426
3435
3495
3427
3436
3496
3428
3437
3497
3429
3438
3498
3439
3499
3431
3440
3500
3432
3441
3501
3433
3442
3502
3434
3443
3503
3435
3444
3504
3436
3445
3505
3437
3446
3506
3438
3447
3507
3439
3448
3508
3449
3509
3441
3450
3510
3442
3451
3511
3443
3452
3512
3444
3453
3513
3445
3454
3514
3446
3455
3515
3447
3456
3516
3448
3457
3517
3449
3458
3518
3459
3519
3451
3460
3520
3452
3461
3521
3453
3462
3522
3454
3463
3523
3455
3464
3524
3456
3465
3525
3457
3466
3526
3458
3467
3527
3459
3468
3528
3469
3529
3461
3470
3530
3462
3471
3531
3463
3472
3532
3464
3473
3533
3465
3474
3534
3466
3475
3535
3467
3476
3536
3468
3477
3537
3469
3478
3538
3479
3539
3471
3480
3540
3472
3481
3541
3473
3482
3542
3474
3483
3543
3475
3484
3544
3476
3485
3545
3477
3486
3546
3478
3487
3547
3479
3488
3548
3489
3549
3481
3550
3482
3551
3483
3552
3484
3553
3485
3554
3486
3555
3487
3556
3488
3557
3489
3558
3559
3491
3500
3560
3492
3501
3561
3493
3502
3562
3494
3503
3563
3495
3504
3564
3496
3505
3565
3497
3506
3566
3498
3507
3567
3499
3508
3568
3509
3569
3501
3510
3570
3502
3511
3571
3503
3512
3572
3504
3513
3573
3505
3514
3574
3506
3515
3575
3507
3516
3576
3508
3517
3577
3509
3518
3578
3519
3579
3511
3520
3580
3512
3521
3581
3513
3522
3582
3514
3523
3583
3515
3524
3584
3516
3525
3585
3517
3526
3586
3518
3527
3587
3519
3528
3588
3529
3589
3521
3530
3590
3522
3531
3591
3523
3532
3592
3524
3533
3593
3525
3534
3594
3526
3535
3595
3527
3536
3596
3528
3537
3597
3529
3538
3598
3539
3599
3531
3540
3600
3532
3541
3601
3533
3542
3602
3534
3543
3603
3535
3544
3604
3536
3545
3605
3537
3546
3606
3538
3547
3607
3539
3548
3608
3549
3609
3541
3550
3610
3542
3551
3611
3543
3552
3612
3544
3553
3613
3545
3554
3614
3546
3555
3615
3547
3556
3616
3548
3557
3617
3549
3558
3618
3559
3619
3551
3620
3552
3621
3553
3622
3554
3623
3555
3624
3556
3625
3557
3626
3558
3627
3559
3628
3629
3561
3570
3630
3562
3571
3631
3563
3572
3632
3564
3573
3633
3565
3574
3634
3566
3575
3635
3567
3576
3636
3568
3577
3637
3569
3578
3638
3579
3639
3571
3580
3640
3572
3581
3641
3573
3582
3642
3574
3583
3643
3575
3584
3644
3576
3585
3645
3577
3586
3646
3578
3587
3647
3579
3588
3648
3589
3649
3581
3590
3650
3582
3591
3651
3583
3592
3652
3584
3593
3653
3585
3594
3654
3586
3595
3655
3587
3596
3656
3588
3597
3657
3589
3598
3658
3599
3659
3591
3600
3660
3592
3601
3661
3593
3602
3662
3594
3603
3663
3595
3604
3664
3596
3605
3665
3597
3606
3666
3598
3607
3667
3599
3608
3668
3609
3669
3601
3610
3670
3602
3611
3671
3603
3612
3672
3604
3613
3673
3605
3614
3674
3606
3615
3675
3607
3616
3676
3608
3617
3677
3609
3618
3678
3619
3679
3611
3620
3680
3612
3621
3681
3613
3622
3682
3614
3623
3683
3615
3624
3684
3616
3625
3685
3617
3626
3686
3618
3627
3687
3619
3628
3688
3629
3689
3621
3690
3622
3691
3623
3692
3624
3693
3625
3694
3626
3695
3627
3696
3628
3697
3629
3698
3699
3631
3640
3632
3641
3633
3642
3634
3643
3635
3644
3636
3645
3637
3646
3638
3647
3639
3648
3649
3641
3650
3642
3651
3643
3652
3644
3653
3645
3654
3646
3655
3647
3656
3648
3657
3649
3658
3659
3651
3660
3652
3661
3653
3662
3654
3663
3655
3664
3656
3665
3657
3666
3658
3667
3659
3668
3669
3661
3670
3662
3671
3663
3672
3664
3673
3665
3674
3666
3675
3667
3676
3668
3677
3669
3678
3679
3671
3680
3672
3681
3673
3682
3674
3683
3675
3684
3676
3685
3677
3686
3678
3687
3679
3688
3689
3681
3690
3682
3691
3683
3692
3684
3693
3685
3694
3686
3695
3687
3696
3688
3697
3689
3698
3699
3691
3692
3693
3694
3695
3696
3697
3698
3699
)


// ************************************************************************* //
